# unix_time, cycles_done, cur_path, paths_total, pending_total, pending_favs, map_size, unique_crashes, unique_hangs, max_depth, execs_per_sec
1551522904, 0, 0, 2, 2, 2, 0.01%, 0, 0, 1, 1230.77
1551522909, 11, 0, 2, 0, 0, 0.01%, 1, 0, 1, 2751.78
1551522914, 23, 1, 2, 0, 0, 0.01%, 1, 0, 1, 2987.79
1551522919, 35, 1, 2, 0, 0, 0.01%, 1, 0, 1, 3062.95
1551522925, 47, 0, 2, 0, 0, 0.01%, 1, 0, 1, 2875.51
1551522930, 59, 0, 2, 0, 0, 0.01%, 1, 0, 1, 2988.05
1551522935, 70, 0, 2, 0, 0, 0.01%, 1, 0, 1, 2924.20
1551522940, 81, 1, 2, 0, 0, 0.01%, 1, 0, 1, 2979.97
1551522945, 94, 1, 2, 0, 0, 0.01%, 1, 0, 1, 3194.98
1551522950, 107, 0, 2, 0, 0, 0.01%, 1, 0, 1, 3182.94
1551522955, 120, 0, 2, 0, 0, 0.01%, 1, 0, 1, 3227.26
1551522960, 133, 0, 2, 0, 0, 0.01%, 1, 0, 1, 3174.12
1551522966, 145, 1, 2, 0, 0, 0.01%, 1, 0, 1, 3136.03
1551522971, 157, 1, 2, 0, 0, 0.01%, 1, 0, 1, 2970.95
1551522976, 169, 1, 2, 0, 0, 0.01%, 1, 0, 1, 2965.46
1551522981, 182, 0, 2, 0, 0, 0.01%, 1, 0, 1, 3127.65
1551522986, 194, 1, 2, 0, 0, 0.01%, 1, 0, 1, 3106.16
1551522991, 207, 0, 2, 0, 0, 0.01%, 1, 0, 1, 3203.35
